2.383075195312500000e+04
1.414675851004464312e+04
7.506588867187500000e+03
3.617375732421875000e+03
1.817577776227678669e+03
1.266503923688616169e+03
1.230558628627232110e+03
1.279735124860491169e+03
1.278495431082589221e+03
1.243431623186383831e+03
1.213595040457589221e+03
1.201028076171875000e+03
1.198302995954241169e+03
1.196958112444196331e+03
1.194372802734375000e+03
1.191290265764508831e+03
1.188475446428571331e+03
1.185903494698660779e+03
1.183320887974330390e+03
1.180636090959821331e+03
1.177877336774553669e+03
1.175070382254464221e+03
1.172212140764508831e+03
1.169295724051339221e+03
1.166322422572544610e+03
1.163295253208705390e+03
1.160216622488839221e+03
1.157087594168526721e+03
1.153909877232142890e+03
1.150685058593750000e+03
1.147414620535714221e+03
1.144100010463169610e+03
1.140742658342633831e+03
1.137343837193080390e+03
1.133905011858258831e+03
1.130427368164062500e+03
1.126912301199776721e+03
1.123361049107142890e+03
1.119774588448660779e+03
1.116154401506696331e+03
1.112501377650669610e+03
1.108816650390625000e+03
1.105101370675223279e+03
1.101356741768973279e+03
1.097583565848214221e+03
1.093782854352678669e+03
1.089955950055803669e+03
1.086103533063616169e+03
1.082226579938616169e+03
1.078325997488839221e+03
1.074402849469866169e+03
1.070457868303571331e+03
1.066492135184151721e+03
1.062506399972098279e+03
1.058501656668526721e+03
1.054478480747767890e+03
1.050437883649553669e+03
1.046380580357142890e+03
1.042307495117187500e+03
1.038219212123325860e+03
1.034116742815290081e+03
1.030000636509486640e+03
1.025871625627790081e+03
1.021730582101004416e+03
1.017578020368303555e+03
1.013414978027343750e+03
1.009241699218750000e+03
1.005059186662946445e+03
1.000867998395647305e+03
9.966687360491071104e+02
9.924621669224330844e+02
9.882488839285714448e+02
9.840293666294643344e+02
9.798044607979910552e+02
9.755745849609375000e+02
9.713403320312500000e+02
9.671023385184151948e+02
9.628612496512276948e+02
9.586174752371651948e+02
9.543715907505580844e+02
9.501241978236606656e+02
9.458758283342633604e+02
9.416268920898437500e+02
9.373780255998883604e+02
9.331296648297991396e+02
9.288823416573660552e+02
9.246364746093750000e+02
9.203926478794643344e+02
9.161512363978794156e+02
9.119125976562500000e+02
9.076774466378348052e+02
9.034460797991071104e+02
8.992188197544643344e+02
8.949963553292410552e+02
8.907787824358258604e+02
8.865668073381696104e+02
8.823605695452008604e+02
8.781606270926339448e+02
8.739675205775669156e+02
8.697812412806919156e+02
