5.160150000000000000e+04
5.139701841517857247e+04
5.119396093750000000e+04
5.096572488839285506e+04
5.071098828125000000e+04
5.042799162946428260e+04
5.011552064732142753e+04
4.977284654017857247e+04
4.939956696428571740e+04
4.899560714285714494e+04
4.856138058035714494e+04
4.809755412946428260e+04
4.760539899553571740e+04
4.708673046875000000e+04
4.654279854910714494e+04
4.597485044642857247e+04
4.538406138392857247e+04
4.477173828125000000e+04
4.413957142857142753e+04
4.348831361607142753e+04
4.281817689732142753e+04
4.213029631696428260e+04
4.142550725446428260e+04
4.070244196428571740e+04
3.996136941964285506e+04
3.920161941964285506e+04
3.842405970982142753e+04
3.762863504464285506e+04
3.680754854910714494e+04
3.597155357142857247e+04
3.512666183035714494e+04
3.425077343750000000e+04
3.337370954241071740e+04
3.247260574776785870e+04
3.157537611607142753e+04
3.065747433035714130e+04
2.972011914062500000e+04
2.878823493303571377e+04
2.784451283482142753e+04
2.690248242187500000e+04
2.595608147321428623e+04
2.501376981026785870e+04
2.407153013392857247e+04
2.313628794642857247e+04
2.220719698660714130e+04
2.128059375000000000e+04
2.036926534598214130e+04
1.947119029017857247e+04
1.858203989955357247e+04
1.771164202008928623e+04
1.686037569754464130e+04
1.602373883928571377e+04
1.520742424665178623e+04
1.441444893973214312e+04
1.364157561383928623e+04
1.289022991071428623e+04
1.216496023995535688e+04
1.146425279017857065e+04
1.078821414620535688e+04
1.013855622209821377e+04
9.515402064732143117e+03
8.917932617187500000e+03
8.345007533482143117e+03
7.800618722098214675e+03
7.282568010602678442e+03
6.786810267857143117e+03
6.314877511160714675e+03
5.869247000558035325e+03
5.444097795758928442e+03
5.035012974330356883e+03
4.655389997209821558e+03
4.297092354910714675e+03
3.961900878906250000e+03
3.648461879185267662e+03
3.355805943080357338e+03
3.083232805524553442e+03
2.829870919363839221e+03
2.595525948660714221e+03
2.379504568917410779e+03
2.180426845005580162e+03
1.996486136300223279e+03
1.827381591796875000e+03
1.672142525809151721e+03
1.529977940150669610e+03
1.402285574776785779e+03
1.286499058314732110e+03
1.180730991908482110e+03
1.084104736328125000e+03
9.950285818917410552e+02
9.160954502650669156e+02
8.460366821289062500e+02
7.839349975585937500e+02
7.284898332868303896e+02
6.789386509486606656e+02
6.347081996372768344e+02
5.952691650390625000e+02
5.602283281598772646e+02
5.292426278250558198e+02
5.019880545479910552e+02
4.780983712332589448e+02
