5.164465429687500000e+04
5.139207773437500146e+04
5.108479218750000291e+04
5.071740859374999854e+04
5.028489101562499854e+04
4.978084609374999854e+04
4.920176367187500000e+04
4.855044257812500291e+04
4.783632382812500146e+04
4.707049960937500146e+04
4.625311640625000291e+04
4.539700390625000000e+04
4.449208164062500146e+04
4.354819687500000146e+04
4.257039101562499854e+04
4.156211757812499854e+04
4.052334999999999854e+04
3.944978867187500146e+04
3.836189648437500000e+04
3.720954101562500000e+04
3.604492578125000000e+04
3.483047343749999709e+04
3.357753183593750146e+04
3.231669648437499927e+04
3.103394003906250146e+04
2.970116308593750000e+04
2.836212773437500073e+04
2.703240273437499854e+04
2.567980214843749854e+04
2.434444531250000000e+04
2.302731093749999854e+04
2.169128593750000073e+04
2.039091914062499927e+04
1.912347285156249927e+04
1.786595957031250146e+04
1.665395380859374927e+04
1.548140429687500000e+04
1.433356796874999964e+04
1.324021923828125000e+04
1.219639013671875000e+04
1.118654257812499964e+04
1.022532011718750073e+04
9.317130566406249272e+03
8.462196435546875364e+03
7.659131591796875000e+03
6.907982714843749818e+03
6.209652294921875182e+03
5.563235449218749636e+03
4.967939208984375000e+03
4.420166552734374818e+03
3.921298144531249818e+03
3.471534912109375000e+03
3.065820996093750182e+03
2.701639746093750091e+03
2.377846057128906068e+03
2.096110388183593841e+03
1.856463488769531295e+03
1.629401013183593705e+03
1.410843249511718795e+03
1.236044165039062591e+03
1.091018017578124955e+03
9.594526184082030795e+02
8.451359619140624773e+02
7.544058898925781023e+02
6.717429016113280795e+02
6.009587921142577898e+02
5.419533447265624773e+02
4.952053253173828011e+02
4.526571960449218750e+02
4.171857879638671989e+02
3.888561859130859375e+02
3.668982971191406364e+02
3.461074584960937273e+02
3.282017791748046989e+02
3.159728973388671989e+02
3.060031433105468750e+02
2.957941101074218864e+02
2.868213409423827898e+02
2.828883483886718864e+02
2.775977874755859602e+02
2.721697708129883040e+02
2.671549316406250227e+02
2.669486007690429688e+02
2.640031356811523438e+02
2.618951370239257699e+02
2.586397048950195199e+02
2.589937240600585824e+02
2.567655868530273438e+02
2.550295257568359375e+02
2.524653701782226562e+02
2.528049987792968807e+02
2.513830123901367131e+02
2.510236618041992074e+02
2.488332000732421818e+02
2.491091690063476562e+02
2.469371719360351562e+02
2.461648330688476562e+02
2.440940628051757812e+02
2.439297515869140511e+02
2.424215805053710824e+02
